+-----------+----------+-----------+--------------+-------------------+---------------------+
| Iteration | Passes   | Step size | Elapsed Time | Training Accuracy | Validation Accuracy |
+-----------+----------+-----------+--------------+-------------------+---------------------+
...
| 125       | 144      | 1.000000  | 63.705712    | 0.814039          | 0.745192            |
| 130       | 150      | 1.000000  | 66.223891    | 0.821598          | 0.735577            |
| 135       | 155      | 1.000000  | 68.512662    | 0.829158          | 0.735577            |
| 140       | 161      | 1.000000  | 71.103613    | 0.840389          | 0.745192            |
| 145       | 166      | 1.000000  | 73.339249    | 0.840173          | 0.725962            |
| 150       | 171      | 1.000000  | 75.898538    | 0.852916          | 0.730769            |
| 155       | 176      | 1.000000  | 78.181291    | 0.854428          | 0.740385            |
| 160       | 181      | 1.000000  | 80.502486    | 0.860907          | 0.764423            |
| 165       | 187      | 1.000000  | 83.075802    | 0.865227          | 0.754808            |
| 170       | 193      | 1.000000  | 85.603344    | 0.852700          | 0.740385            |
| 175       | 199      | 1.000000  | 88.082651    | 0.875810          | 0.721154            |
| 180       | 204      | 1.000000  | 90.362127    | 0.879698          | 0.730769            |
| 185       | 210      | 1.000000  | 92.892468    | 0.889417          | 0.735577            |
| 190       | 216      | 1.000000  | 95.360107    | 0.893521          | 0.735577            |
| 195       | 221      | 1.000000  | 97.611503    | 0.896544          | 0.730769            |
| 200       | 227      | 1.000000  | 100.106221   | 0.902376          | 0.735577            |
+-----------+----------+-----------+--------------+-------------------+---------------------+